x<-c(1:100)
y<-list(1:10)
m<-matrix(1:50,10,5)
m
